1959 96.2	
1959 99.0	
1959 127.7
1959 150.8
1959 152.5
1959 147.8
1959 148.1
1959 138.2
1959 136.4
1959 120.0
1959 104.7
1959 95.6	
1960 86.0	
1960 90.7	
1960 90.5	
1960 123.0
1960 130.2
1960 122.8
1960 114.3
1960 130.3
1960 96.9	
1960 110.4
1960 92.8	
1960 64.2	
1961 70.4	
1961 74.1	
1961 104.2
1961 112.8
1961 127.6
1961 134.8
1961 126.6
1961 127.1
1961 125.4
1961 124.8
1961 103.0
1961 82.2	
1962 81.2	
1962 77.1	
1962 116.2
1962 147.8
1962 155.2
1962 136.8
1962 136.5
1962 147.7
1962 114.3
1962 135.2
1962 120.9
1962 93.9	
1963 79.0	
1963 89.6	
1963 124.8
1963 164.2
1963 172.7
1963 154.2
1963 151.3
1963 144.0
1963 143.7
1963 165.3
1963 119.3
1963 95.0	
1964 97.9	
1964 101.3
1964 129.1
1964 147.1
1964 152.8
1964 157.2
1964 140.6
1964 138.3
1964 119.8
1964 141.2
1964 110.6
1964 93.0	
1965 81.7	
1965 80.9	
1965 119.9
1965 148.6
1965 153.3
1965 151.8
1965 139.1
1965 128.3
1965 124.6
1965 133.1
1965 110.5
1965 101.1
1966 79.4	
1966 76.2	
1966 118.1
1966 140.9
1966 130.0
1966 120.6
1966 99.2	
1966 101.8
1966 89.1	
1966 76.6	
1966 72.8	
1966 60.2	
1967 59.1	
1967 61.4	
1967 91.5	
1967 113.7
1967 132.0
1967 125.4
1967 125.3
1967 127.4
1967 121.9
1967 135.4
1967 118.4
1967 80.1	
1968 80.5	
1968 84.6	
1968 126.6
1968 162.0
1968 140.9
1968 137.9
1968 139.8
1968 136.6
1968 134.2
1968 140.8
1968 127.1
1968 96.4	
1969 101.5
1969 90.1	
1969 131.9
1969 159.0
1969 155.5
1969 147.3
1969 125.2
1969 124.9
1969 129.3
1969 123.4
1969 94.6	
1969 84.1	
1970 66.4	
1970 74.3	
1970 114.7
1970 128.4
1970 125.0
1970 135.2
1970 140.8
1970 128.7
1970 130.9
1970 140.9
1970 126.9
1970 121.4
1971 110.6
1971 102.2
1971 167.9
1971 201.1
1971 198.5
1971 193.8
1971 194.3
1971 204.5
1971 173.8
1971 179.7
1971 173.7
1971 152.1
1972 149.1
1972 152.2
1972 203.9
1972 211.6
1972 225.8
1972 223.1
1972 206.5
1972 228.6
1972 203.0
1972 216.5
1972 185.7
1972 150.5
1973 146.6
1973 138.0
1973 200.0
1973 205.0
1973 234.0
1973 202.6
1973 202.6
1973 197.2
1973 148.4
1973 147.1
1973 133.3
1973 90.4	
1974 84.5	
1974 109.4
1974 124.8
1974 159.5
1974 149.0
1974 147.6
1974 126.6
1974 111.1
1974 98.3	
1974 96.7	
1974 75.1	
1974 55.1	
1975 56.1	
1975 54.7	
1975 80.2	
1975 97.9	
1975 116.1
1975 110.3
1975 119.3
1975 117.3
1975 111.9
1975 123.6
1975 96.9	
1975 76.1	
1976 72.5	
1976 89.9	
1976 118.4
1976 137.2
1976 147.9
1976 154.2
1976 136.6
1976 145.9
1976 151.8
1976 148.4
1976 127.1
1976 107.4
1977 81.3	
1977 112.5
1977 173.6
1977 182.2
1977 201.3
1977 197.6
1977 189.8
1977 194.0
1977 177.7
1977 193.1
1977 154.8
1977 129.2
1978 88.6	
1978 101.3
1978 172.1
1978 197.5
1978 211.0
1978 216.0
1978 192.2
1978 190.9
1978 180.5
1978 192.1
1978 158.6
1978 119.5
1979 88.2	
1979 84.5	
1979 152.9
1979 161.0
1979 189.1
1979 191.8
1979 164.2
1979 170.3
1979 163.7
1979 169.0
1979 118.7
1979 91.6	
1980 73.1	
1980 79.9	
1980 85.1	
1980 96.2	
1980 91.7	
1980 116.4
1980 120.1
1980 129.9
1980 138.3
1980 152.7
1980 112.9
1980 95.9	
1981 84.5	
1981 71.9	
1981 107.8
1981 123.0
1981 109.9
1981 105.8
1981 99.9	
1981 86.3	
1981 84.1	
1981 87.2	
1981 64.6	
1981 59.1	
1982 47.2	
1982 51.3	
1982 78.2	
1982 84.1	
1982 98.8	
1982 91.1	
1982 106.8
1982 96.0	
1982 106.4
1982 110.5
1982 108.9
1982 82.9	
1983 91.3	
1983 96.3	
1983 134.6
1983 135.8
1983 174.9
1983 173.2
1983 161.6
1983 176.8
1983 154.9
1983 159.3
1983 136.0
1983 108.3
1984 109.1
1984 130.0
1984 137.5
1984 172.7
1984 180.7
1984 184.0
1984 162.1
1984 147.4
1984 148.5
1984 152.3
1984 126.2
1984 98.9	
1985 105.4
1985 95.4	
1985 145.0
1985 175.8
1985 170.2
1985 163.2
1985 160.7
1985 160.7
1985 147.7
1985 173.0
1985 124.1
1985 120.5
1986 115.6
1986 107.2
1986 151.0
1986 188.2
1986 186.6
1986 183.6
1986 172.0
1986 163.8
1986 154.0
1986 154.8
1986 115.6
1986 113.0
1987 105.1
1987 102.8
1987 141.2
1987 159.3
1987 158.0
1987 162.9
1987 152.4
1987 143.6
1987 152.0
1987 139.1
1987 118.8
1987 85.4	
1988 78.2	
1988 90.2	
1988 128.8
1988 153.2
1988 140.2
1988 150.2
1988 137.0
1988 136.8
1988 131.1
1988 135.1
1988 113.0
1988 94.2	
1989 100.1
1989 85.8	
1989 117.8
1989 129.4
1989 131.7
1989 143.2
1989 134.7
1989 122.4
1989 109.3
1989 130.1
1989 96.6	
1989 75.0	
1990 99.2	
1990 86.9	
1990 108.5
1990 119.0
1990 121.1
1990 117.8
1990 111.2
1990 102.8
1990 93.1	
1990 94.2	
1990 81.4	
1990 57.4	
1991 52.5	
1991 59.1	
1991 73.8	
1991 99.7	
1991 97.7	
1991 103.4
1991 103.5
1991 94.7	
1991 86.6	
1991 101.8
1991 75.6	
1991 65.6	
1992 71.6	
1992 78.8	
1992 111.6
1992 107.6
1992 115.2
1992 117.8
1992 106.2
1992 109.9
1992 106.0
1992 111.8
1992 84.5	
1992 78.6	
1993 70.5	
1993 74.6	
1993 95.5	
1993 117.8
1993 120.9
1993 128.5
1993 115.3
1993 121.8
1993 118.5
1993 123.3
1993 102.3
1993 98.7	
1994 76.2	
1994 83.5	
1994 134.3
1994 137.6
1994 148.8
1994 136.4
1994 127.8
1994 139.8
1994 130.1
1994 130.6
1994 113.4
1994 98.5	
1995 84.5	
1995 81.6	
1995 103.8
1995 116.9
1995 130.5
1995 123.4
1995 129.1
1995 135.8
1995 122.4
1995 126.2
1995 107.2
1995 92.8	
1996 90.7	
1996 95.9	
1996 116.0
1996 146.6
1996 143.9
1996 138.0
1996 137.5
1996 144.2
1996 128.7
1996 130.8
1996 111.5
1996 93.1	
1997 82.2	
1997 94.7	
1997 120.4
1997 142.3
1997 136.3
1997 140.4
1997 134.6
1997 126.5
1997 139.2
1997 139.0
1997 112.4
1997 106.0
1998 91.2	
1998 101.1
1998 132.6
1998 144.9
1998 143.3
1998 159.6
1998 156.0
1998 147.5
1998 141.5
1998 155.5
1998 124.2
1998 119.6
1999 106.8
1999 110.2
1999 147.3
1999 144.6
1999 153.2
1999 149.4
1999 152.6
1999 152.9
1999 140.3
1999 142.9
1999 127.4
1999 113.6
2000 104.0
2000 119.7
2000 133.4
2000 149.5
2000 152.9
2000 146.3
2000 135.0
2000 141.4
2000 128.9
2000 139.7
2000 117.1
2000 100.7
2001 106.4
2001 108.2
2001 133.2
2001 151.3
2001 154.0
2001 155.2
2001 154.6
2001 141.5
2001 133.1
2001 139.8
2001 121.0
2001 104.6
2002 110.4
2002 120.4
2002 138.2
2002 148.8
2002 165.5
2002 160.3
2002 155.9
2002 147.0
2002 155.6
2002 146.8
2002 133.0
2002 123.1
2003 117.8
2003 109.7
2003 147.2
2003 151.2
2003 165.0
2003 174.5
2003 175.8
2003 163.8
2003 171.3
2003 173.5
2003 153.7
2003 144.2
2004 124.5
2004 126.4
2004 173.8
2004 179.5
2004 187.6
2004 172.3
2004 182.0
2004 185.9
2004 164.0
2004 181.3
2004 138.1
2004 140.2
2005 142.9
2005 149.1
2005 156.2
2005 184.6
2005 197.9
2005 192.8
2005 187.6
2005 192.0
2005 187.9
2005 180.4
2005 160.7
2005 136.0
2006 153.0
2006 145.1
2006 165.9
2006 160.5
2006 190.2
2006 170.2
2006 160.9
2006 146.8
2006 150.1
2006 130.6
2006 115.2
2006 112.4
2007 95.0	
2007 103.1
2007 123.8
2007 135.6
2007 136.5
2007 137.8
2007 127.9
2007 121.2
2007 101.5
2007 115.0
2007 88.8	
2007 68.9	
2008 70.8	
2008 78.4	
2008 82.2	
2008 89.5	
2008 91.7	
2008 102.5
2008 86.7	
2008 76.4	
2008 73.9	
2008 68.2	
2008 47.5	
2008 37.7	
2009 31.9	
2009 39.8	
2009 42.7	
2009 42.5	
2009 52.2	
2009 59.1	
2009 56.8	
2009 52.9	
2009 52.6	
2009 44.5	
2009 42.3	
2009 36.6	
2010 39.2	
2010 38.8	
